tracker,company_id,category,tracker_url,trackers_method
1000mercis,1000mercis,site_analytics,mmtro.com,COOKIES
1plusx,1plusx,site_analytics,opecloud.com,COOKIES;FINGERPRINTING
tynt,33across,advertising,tynt.com,COOKIES
33across,33across,advertising,33across.com,
ab_tasty,ab_tasty,site_analytics,abtasty.com;d1447tq2m68ekg.cloudfront.net,COOKIES
accengage,accengage,advertising,accengage.net,COOKIES
acint.net,acint,site_analytics,acint.net,COOKIES
active_agent,active_agent,advertising,active-agent.com,
kupona,actu_cci,advertising,d31bfnnwekbny6.cloudfront.net;kpcustomer.de;q-sis.de,COOKIES
acuity_ads,acuity_ads,advertising,acuityplatform.com,COOKIES
liveramp,acxiom,advertising,pippio.com;rapleaf.com;rlcdn.com,COOKIES
acxiom,acxiom,site_analytics,acxiomapac.com,COOKIES
adriver,ad_river,advertising,adriver.ru,COOKIES
ad4mat,ad4mat,advertising,ad4mat.ar;ad4mat.at;ad4mat.be;ad4mat.bg;ad4mat.br;ad4mat.ch;ad4mat.co.uk;ad4mat.cz;ad4mat.de;ad4mat.dk;ad4mat.es;ad4mat.fi;ad4mat.fr;ad4mat.gr;ad4mat.hu;ad4mat.it;ad4mat.mx;ad4mat.net;ad4mat.nl;ad4mat.no;ad4mat.pl;ad4mat.ro;ad4mat.ru;ad4mat.se;ad4mat.tr,COOKIES
adara_analytics,adara_analytics,advertising,yieldoptimizer.com,
adblade.com,adblade,advertising,adblade.com,
adclear,adclear,advertising,adclear.net,COOKIES
adelphic,adelphic,site_analytics,ipredictive.com,
adform,adform,advertising,adform.net;adformdsp.net;seadform.net,COOKIES
adfox,adfox,advertising,adfox.ru;adwolf.ru,
adgoal,adgoal,advertising,smartadcheck.de;smartredirect.de,
adition,adition_technologies_ag,advertising,adition.com,COOKIES
adloox,adloox,advertising,adlooxtracking.com,
adglue,admans,advertising,adsafety.net,COOKIES
admedo_com,admedo,advertising,adizio.com;admedo.com,
admeta,admeta,advertising,admaym.com;atemda.com,COOKIES
admitad.com,admitad,advertising,admitad.com,
adnet.de,adnet.de,advertising,adnet.biz;adnet.de,COOKIES
adobe_audience_manager,adobe,advertising,adobe.com;demdex.net;everestjs.net;everesttech.net,COOKIES
adobe_dynamic_tag_management,adobe,essential,adobedtm.com,
omniture__adobe_analytics_,adobe,site_analytics,2o7.net;du8783wkf05yr.cloudfront.net;hitbox.com;imageg.net;omtrdc.net,COOKIES
digital_analytix,adobe,site_analytics,nedstat.com;sitestat.com,COOKIES
typekit_by_adobe,adobe,essential,typekit.com;typekit.net,
scene7.com,adobe,advertising,scene7.com,
adocean,adocean,advertising,adocean.pl,
adotmob.com,adotmob,advertising,adotmob.com,
adrecover,adpushup,advertising,adrecover.com,
adroll,adroll,advertising,adroll.com,
adskeeper,adskeeper,advertising,adskeeper.co.uk,
adsnative,adsnative,advertising,adsnative.com,
ad_spirit,adspirit,advertising,adspirit.de;adspirit.net,COOKIES
adspyglass,adspyglass,advertising,o333o.com,
adtheorent,adtheorant,advertising,adentifi.com,COOKIES
adtiger,adtiger,advertising,adtiger.de,
adtrue,adtrue,advertising,adtrue.com,
adult_webmaster_empire,adult_webmaster_empire,pornvertising,awempire.com;dditscdn.com;livejasmin.com,
adventori,adventori,misc,adventori.com,
adverserve,adverserve,advertising,adverserve.net,
adverticum,adverticum,advertising,adverticum.net,
interyield,advertise.com,advertising,ps7894.com,
advolution,advolution,advertising,advolution.de,COOKIES
adwebster,adwebster,advertising,adwebster.com,
adxpansion,adxpansion,pornvertising,adxpansion.com,
adyoulike,adyoulike,advertising,adyoulike.com;omnitagjs.com,
pulpix.com,adyoulike,advertising,pulpix.com,
adzerk,adzerk,advertising,adzerk.net,
affimax,affimax,advertising,,
airpr.com,airpr,site_analytics,airpr.com,COOKIES
akamai_technologies,akamai,cdn,abmr.net;akamai.net;akamaihd.net;akamaized.net;akstat.io;edgekey.net;edgesuite.net,
soasta_mpulse,akamai,site_analytics,go-mpulse.net;mpstat.us,
akanoo,akanoo,site_analytics,akanoo.com,
alexa_metrics,alexa,site_analytics,alexametrics.com;d31qbv1cthcecs.cloudfront.net;d5nxst8fruw4z.cloudfront.net,
alibaba.com,alibaba,misc,alibaba.com;alicdn.com,COOKIES
alipay.com,alibaba,customer_interaction,alipay.com,COOKIES
taobao,alibaba,advertising,alipcsec.com,
allegro.pl,allegro.pl,misc,allegroimg.com;allegrostatic.com;allegrostatic.pl;ngacm.com;ngastatic.com,
amazon_cloudfront,amazon_associates,hosting,cloudfront.net,
amazon_associates,amazon_associates,advertising,assoc-amazon.ca;assoc-amazon.co.uk;assoc-amazon.com;assoc-amazon.de;assoc-amazon.fr;assoc-amazon.jp,
amazon_web_services,amazon_associates,hosting,amazonaws.com;amazonwebservices.com;awsstatic.com,
amazon_payments,amazon_associates,customer_interaction,amazonpay.com;payments-amazon.com,COOKIES
cursecdn.com,amazon_associates,cdn,cursecdn.com,COOKIES
twitch_cdn,amazon_associates,audio_video_player,jtvnw.net;ttvnw.net;twitchcdn.net;twitchsvc.net,COOKIES
twitch.tv,amazon_associates,audio_video_player,twitch.tv,COOKIES
curse.com,amazon_associates,misc,curse.com,COOKIES
media-imdb.com,amazon_associates,cdn,media-imdb.com,
amazon_adsystem,amazon_associates,advertising,amazon-adsystem.com,
amazon_cdn,amazon_associates,cdn,images-amazon.com;media-amazon.com;ssl-images-amazon.com,
amazon,amazon_associates,misc,amazon.ca;amazon.co.jp;amazon.co.uk;amazon.com;amazon.de;amazon.es;amazon.fr;amazon.it;d3io1k5o0zdpqr.cloudfront.net,COOKIES
amplitude,amplitude,site_analytics,amplitude.com;d24n15hnbwhuhn.cloudfront.net,
ancestry_cdn,ancestry,cdn,ancestrycdn.com,
ancora,ancora,site_analytics,ancoraplatform.com,COOKIES
answers_cloud_service,answers.com,comments,answerscloud.com,
foresee,answers.com,site_analytics,foresee.com,
kaspersky-labs.com,AO Kaspersky Lab,extensions,kaspersky-labs.com,
apa.at,apa,misc,apa.at,COOKIES
apester,apester,advertising,apester.com,COOKIES
commission_junction,apn_news_media,advertising,afcyhf.com;anrdoezrs.net;apmebf.com;awltovhc.com;emjcd.com;ftjcfx.com;lduhtrp.net;qksz.net;tkqlhce.com;tqlkg.com;yceml.net,
appdynamics,appdynamics,site_analytics,appdynamics.com;de8of677fyt0b.cloudfront.net;eum-appdynamics.com,
apple,apple,advertising,apple.com,COOKIES
appnexus,appnexus,advertising,adnxs.com;adnxs.net,COOKIES
treasuredata,arm,site_analytics,treasuredata.com,COOKIES
artlebedev.ru,art.lebedev_studio,misc,artlebedev.ru,COOKIES
at_internet,at_internet,site_analytics,ati-host.net;aticdn.net;xiti.com,COOKIES;FINGERPRINTING
atlassian.net,atlassian,customer_interaction,atl-paas.net;atlassian.com;atlassian.net;d12ramskps3070.cloudfront.net,COOKIES
atlassian_marketplace,atlassian,cdn,d1xfq2052q7thw.cloudfront.net;marketplace.atlassian.com,
audience_science,audiencescience,advertising,revsci.net;targetingmarketplace.com;wunderloop.net,
auth0,auth0,site_analytics,auth0.com,
gravatar,automattic,social_media,gravatar.com,
wordpress_stats,automattic,site_analytics,w.org;wordpress.com;wp.com,
jetpack,automattic,site_analytics,pixel.wp.com;stats.wp.com,
avocet,avocet,misc,avocet.io,
affilinet,axel_springer,advertising,banner-rotation.com;webmasterplan.com,COOKIES
contact_impact,axel_springer,advertising,adrolays.de;c-i.as;df-srv.de,COOKIES
digital_window,axel_springer,advertising,dwin1.com,
baidu_ads,baidu,advertising,baidu.com;baidustatic.com,COOKIES;FINGERPRINTING
baidu_static,baidu,misc,bdimg.com;bdstatic.com,
bannerflow.com,bannerflow,advertising,bannerflow.com,COOKIES
bazaarvoice,bazaarvoice,customer_interaction,bazaarvoice.com,COOKIES
bbelements.com,bbelements.com,unknown,bbelements.com,
beeswax,beeswax,customer_interaction,bidr.io,COOKIES
bemobile.ua,bemobile,hosting,bemobile.ua,
betweendigital.com,between_digital,site_analytics,betweendigital.com,
bid.run,bid.run,site_analytics,bid.run,
bidswitch,bidswitch,advertising,bidswitch.net;exe.bid,COOKIES
bidtellect,bidtellect,advertising,bttrack.com,
bidtheatre,bidtheatre,advertising,bidtheatre.com,COOKIES
rtmark.net,big_wall_vision,advertising,rtmark.net,COOKIES
bloomreach,bloomreach,advertising,brcdn.com;brsrvr.com;brtstats.com,
bombora,bombora,site_analytics,ml314.com,
bootstrap,bootstrap_cdn,cdn,bootstrapcdn.com,
bounce_exchange,bounce_exchange,advertising,bounceexchange.com,COOKIES
branch_metrics,branch_metrics_inc,advertising,app.link;branch.io,COOKIES
braze,braze_inc,site_analytics,appboycdn.com,COOKIES
brightcove,brightcove,audio_video_player,brightcove.com,FINGERPRINTING
brightcove_player,brightcove,audio_video_player,brightcove.net,
browser_update,browser-update,customer_interaction,browser-update.org,COOKIES
bugsnag,bugsnag,site_analytics,bugsnag.com;d2wy8f7a9ursnm.cloudfront.net,
bunchbox,bunchbox,site_analytics,bunchbox.co,
buysellads,buysellads.com,advertising,buysellads.com,
catchpoint,catchpoint_systems,site_analytics,3gl.net,COOKIES
cnetcontent.com,cbs_interactive,misc,cnetcontent.com,COOKIES
cedexis_radar,cedexis,site_analytics,cedexis-radar.net;cedexis-test.com;cedexis.com;cedexis.fastlylb.net;cedexis.net,
certona,certona__resonance_,advertising,certona.net;res-x.com,
chartbeat,chartbeat,site_analytics,chartbeat.com;chartbeat.net,
chatango,chatango,customer_interaction,chatango.com,COOKIES
clearbit.com,clearbit,site_analytics,clearbit.com,
clever_push,clever_push,site_analytics,cleverpush.com,COOKIES
clickonometrics,clickonometrics,advertising,clickonometrics.pl,COOKIES
clicktale,clicktale,site_analytics,cdngc.net;clicktale.net;pantherssl.com,
clicktripz,clicktripz,advertising,clicktripz.com,
clicky,clicky,site_analytics,getclicky.com;staticstuff.net,COOKIES;FINGERPRINTING
onaudience,cloud_technologies,advertising,behavioralengine.com;onaudience.com,COOKIES
cloudflare,cloudflare,cdn,cloudflare.com;cloudflare.net,COOKIES
stickyads,comcast,advertising,stickyadstv.com,
freewheel,comcast,audio_video_player,fwmrm.net,COOKIES
scorecard_research_beacon,comscore,advertising,comscore.com;scorecardresearch.com;scoreresearch.com;scrsrch.com;securestudies.com,COOKIES
voicefive,comscore,site_analytics,voicefive.com,
comscore,comscore,site_analytics,zqtk.net,
connatix.com,connatix,advertising,connatix.com,
connexity,connexity,advertising,connexity.net;cxt.ms,
connextra,connextra,advertising,connextra.com,COOKIES
content_spread,content_spread,unknown,contentspread.net,
content.ad,content.ad,advertising,content.ad,
conversant,conversant,advertising,fastclick.net;mediaplex.com;mplxtms.com,COOKIES
dotomi,conversant,advertising,dotomi.com;dtmc.com;dtmpub.com,COOKIES
conviva,conviva,site_analytics,conviva.com,
adify,cox_enterpries,advertising,afy11.net,COOKIES
cpmstar,cpmstar,advertising,cpmstar.com,
crazy_egg,crazy_egg,site_analytics,cetrk.com;crazyegg.com;dnn506yrbagrg.cloudfront.net,
creative_commons,creative_commons_corp,misc,creativecommons.org,COOKIES
crimtan,crimtan,advertising,ctasnet.com;ctnsnet.com;ctpsnet.com,COOKIES
criteo,criteo,advertising,criteo.com;criteo.net,COOKIES
hooklogic,criteo,advertising,hlserve.com,
crossengage,crossengage,site_analytics,crossengage.io,COOKIES
cxense,cxense,advertising,cxense.com,COOKIES;FINGERPRINTING
platformone,daconsortium,advertising,impact-ad.jp,
datadome,datadome,site_analytics,datadome.co,
datalogix,datalogix,advertising,nexac.com,
dataxu,dataxu,advertising,w55c.net,COOKIES
dc_stormiq,dc_storm,advertising,dc-storm.com;h4k5.com;stormcontainertag.com;stormiq.com,COOKIES
decibel_insight,decibel_insight,site_analytics,decibelinsight.net,COOKIES
delta_projects,delta_projects,advertising,adaction.se;de17a.com,COOKIES
dantrack.net,dentsu_aegis_network,advertising,dantrack.net,COOKIES
merkle_rkg,dentsu_aegis_network,site_analytics,rkdms.com,COOKIES
digidip,digidip,advertising,digidip.net,
digilant,digilant,advertising,wtp101.com,COOKIES
digiteka,digiteka,advertising,digiteka.net;ultimedia.com,COOKIES
videoadex.com,digiteka,advertising,videoadex.com,
go.com,disney,misc,go.com,COOKIES
espn_cdn,disney,cdn,espncdn.com,
disqus,disqus,comments,disqus.com;disquscdn.com,COOKIES
disqus_ads,disqus,advertising,disqusads.com,
are_you_a_human,distil_networks,site_analytics,areyouahuman.com,COOKIES
distil_tag,distil_networks,site_analytics,distiltag.com,COOKIES
districtm.io,district_m,advertising,districtm.ca;districtm.io,
dailymail.co.uk,dmg_media,misc,dailymail.co.uk,COOKIES
docler,docler_ip,audio_video_player,awecr.com;fwbntw.com,
doublepimp,doublepimp,pornvertising,doublepimp.com;doublepimpssl.com;redcourtside.com;xeontopa.com;zerezas.com,
doubleverify,doubleverify,advertising,doubleverify.com,FINGERPRINTING
drawbridge,drawbridge,advertising,adsymptotic.com,COOKIES
ebay,ebay_partner_network,advertising,classistatic.de;ebay-us.com;ebay.com;ebay.de;ebayclassifiedsgroup.com;ebaycommercenetwork.com;ebaydesc.com;ebayimg.com;ebayrtm.com;ebaystatic.com,COOKIES
econda,econda,site_analytics,econda-monitor.de,COOKIES
crosssell.info,econda,advertising,crosssell.info,COOKIES
effective_measure,effective_measure,advertising,effectivemeasure.net,
effiliation,effiliation,advertising,effiliation.com,COOKIES
ekomi,ekomi,comments,ekomi.de,
elastic_ad,elastic_ad,advertising,elasticad.net,
scarabresearch,emarsys,site_analytics,scarabresearch.com,COOKIES
emetriq,emetriq,advertising,emetriq.de,COOKIES
orc_international,engine_group,advertising,emxdgt.com,COOKIES
ensighten,ensighten,essential,ensighten.com,
epoq,epoq,advertising,epoq.de,COOKIES
eroadvertising,ero_advertising,pornvertising,ero-advertising.com;eroadvertising.com,
errorception,errorception,site_analytics,d15qhc0lu1ghnk.cloudfront.net;errorception.com,COOKIES
etracker,etracker_gmbh,site_analytics,etracker.com;etracker.de;sedotracker.com,COOKIES
eulerian,eulerian,site_analytics,ew3.io,COOKIES
exactag,exactag,site_analytics,exactag.com,COOKIES
exoclick,exoclick,pornvertising,exdynsrv.com;exoclick.com;exosrv.com,
experian,experian_inc,misc,eccmp.com,COOKIES
admantx.com,expert_system_spa,advertising,admantx.com,
tribal_fusion,exponential_interactive,advertising,exponential.com;tribalfusion.com,
eyeota,eyeota,advertising,eyeota.net,COOKIES
eyeview,eyeview,advertising,eyeviewads.com,COOKIES
facebook,facebook,advertising,facebook.com;facebook.net,COOKIES
atlas,facebook,advertising,adbureau.net;atdmt.com;atlassbx.com,COOKIES
instagram_com,facebook,misc,cdninstagram.com;instagram.com,COOKIES
facebook_cdn,facebook,cdn,fbcdn.net;fbsbx.com,
fastlylb.net,fastly,cdn,fastly.net;fastlylb.net,
fastpic.ru,fastpic,hosting,fastpic.ru,
mrpdata,fifth_story,site_analytics,mrpdata.com;mrpdata.net,COOKIES
fileserve,fileserve,hosting,fileserve.xyz,
webedia,fimalac_group,advertising,goutee.top;mediaathay.org.uk,
first_impression,first_impression,advertising,firstimpression.io,
fit_analytics,fit_analytics,site_analytics,fitanalytics.com,COOKIES
flashtalking,flashtalking,advertising,flashtalking.com,COOKIES
flattr_button,flattr,social_media,flattr.com,COOKIES
flowplayer,flowplayer,advertising,flowplayer.org,
flxone,flxone,advertising,flx1.com;flxpxl.com,COOKIES
freshdesk,freshdesk,customer_interaction,d36mpcpuzc4ztk.cloudfront.net;freshdesk.com,COOKIES
friendfinder_network,friendfinder_networks,pornvertising,adultfriendfinder.com;amigos.com;board-books.com;cams.com;facebookofsex.com;getiton.com;nostringsattached.com;pop6.com;streamray.com,
fullstory,fullstory,site_analytics,fullstory.com,
fyber,fyber,advertising,fyber.com,
gemius,gemius_sa,advertising,gemius.pl,COOKIES;FINGERPRINTING
geotrust,geotrust,essential,geotrust.com,
getintent,getintent,advertising,adhigh.net,
get_site_control,getsitecontrol,advertising,getsitecontrol.com,
gfk,gfk_nurago,advertising,sensic.net,COOKIES
gigya,gigya,site_analytics,gigya.com,COOKIES
github,github,customer_interaction,github.com;githubusercontent.com,
github_pages,github,hosting,github.io,
kinja.com,gizmodo,site_analytics,kinja.com,COOKIES
google_analytics,google,site_analytics,google-analytics.com,FINGERPRINTING
doubleclick,google,advertising,2mdn.net;doubleclick.net;invitemedia.com,COOKIES
google,google,advertising,google.at;google.be;google.ca;google.ch;google.co.id;google.co.in;google.co.jp;google.co.ma;google.co.th;google.co.uk;google.com;google.com.ar;google.com.au;google.com.br;google.com.mx;google.com.tr;google.com.tw;google.com.ua;google.cz;google.de;google.dk;google.dz;google.es;google.fi;google.fr;google.gr;google.hu;google.ie;google.it;google.nl;google.no;google.pl;google.pt;google.ro;google.rs;google.ru;google.se;google.tn,COOKIES
google_tag_manager,google,essential,googletagmanager.com;googletagservices.com,
gstatic,google,cdn,gstatic.com,COOKIES
google_fonts,google,cdn,fonts.googleapis.com,
google_adservices,google,advertising,googleadservices.com,COOKIES
googleapis.com,google,cdn,googleapis.com,
google_syndication,google,advertising,googlesyndication.com,
youtube,google,audio_video_player,googlevideo.com;youtube-nocookie.com;youtube.com;ytimg.com,COOKIES
google_users,google,cdn,googleusercontent.com,COOKIES
google_photos,google,cdn,ggpht.com,
google_custom_search,google,advertising,adsensecustomsearchads.com,
google_trusted_stores,google,site_analytics,googlecommerce.com,
google_appspot,google,hosting,appspot.com,
blogspot_com,google,misc,blogblog.com;blogger.com;blogspot.com,COOKIES
ampproject.org,google,misc,ampproject.org,
grandslammedia,grand_slam_media,advertising,trw12.com;tuberewards.com,
groupm_server,groupm,advertising,gmads.net;grmtech.net,COOKIES
ligatus,gruner_jahr_ag,advertising,content-recommendation.net;ligadx.com;ligatus.com;ligatus.de;veeseo.com,
gujems,gruner_jahr_ag,advertising,emsservice.de,
gumgum,gumgum,advertising,gumgum.com,COOKIES
visualdna,harris_ia,advertising,vdna-assets.com;visualdna.com,COOKIES
st-hatena,hatena_jp,social_media,hatena.ne.jp;st-hatena.com,COOKIES
heap,heap,site_analytics,d36lvucg9kzous.cloudfront.net;heapanalytics.com,
heatmap,heatmap,advertising,heatmap.it,
highwinds,highwinds,site_analytics,hwcdn.net,
histats,histats,advertising,histats.com,COOKIES
hola_player,hola_cdn,audio_video_player,h-cdn.com,
hotjar,hotjar,site_analytics,hotjar.com,
burda,hubert_burda_media,advertising,bf-ad.net;bf-tools.net,COOKIES
hubspot,hubspot,advertising,hs-analytics.net;hs-scripts.com;hubspot.com,COOKIES;FINGERPRINTING
hurra_tracker,hurra_communications,advertising,hurra.com,COOKIES
hybrid.ai,hybrid_adtech,advertising,hybrid.ai;targetix.net,COOKIES
contentexchange.me,i.r.v.,site_analytics,contentexchange.me,COOKIES
digitrust,iab,advertising,digitru.st,COOKIES
iab_consent,iab,essential,consensu.org,COOKIES
tripadvisor,iac_apps,misc,jscache.com;tacdn.com;tamgrt.com;tripadvisor.co.uk;tripadvisor.com;tripadvisor.de,COOKIES
vimeo,iac_apps,audio_video_player,vimeo.com;vimeocdn.com,COOKIES
mindspark,iac_apps,site_analytics,imgfarm.com;mindspark.com;staticimgfarm.com,COOKIES
smarter_travel,iac_apps,advertising,smartertravel.com;travelsmarter.net,COOKIES
expedia,iac_apps,misc,expedia.com;trvl-px.com,COOKIES
iadvize,iadvize,customer_interaction,iadvize.com,COOKIES
ibm_customer_experience,ibm,site_analytics,cmcore.com;coremetrics.com,
the_weather_company,ibm,advertising,w-x.co;weather.com;wfxtriggers.com,COOKIES
igodigital,igodigital,customer_interaction,igodigital.com,COOKIES
forensiq,impact,advertising,fqtag.com;securepaths.com,
impact_radius,impact_radius,essential,7eer.net;d3cxv97fi8q177.cloudfront.net;evyy.net;impactradius-event.com;impactradius-tag.com;impactradius.com;ojrq.net;r7ls.net,
improve_digital,improve_digital,advertising,360yield.com,COOKIES
indeed,indeed,advertising,indeed.com,COOKIES
index_exchange_,index_exchange,advertising,casalemedia.com;indexww.com,
infectious_media,infectious_media,advertising,impdesk.com;impressiondesk.com,COOKIES
infolinks,infolinks,advertising,infolinks.com;intextscript.com,
infonline,infonline,site_analytics,ioam.de;iocnt.net;ivwbox.de,COOKIES;FINGERPRINTING
insider,insider,site_analytics,useinsider.com,COOKIES
inspectlet,inspectlet,site_analytics,inspectlet.com,COOKIES
instart_logic,instart_logic_inc,advertising,sdad.guru,
revenue_hits,intango,advertising,clksite.com;imageshack.host,COOKIES
integral_ad_science,integral_ad_science,advertising,adsafeprotected.com;iasds01.com,
intelliad,intelliad,advertising,intelliad.com;intelliad.de,COOKIES
intelligent_reach,intelligent_reach,advertising,ist-track.com,
intent_media,intent_media,advertising,intentmedia.net,
intercom,intercom,customer_interaction,intercom.io;intercomassets.com;intercomcdn.com,
internet_billboard,internet_billboard,advertising,bbelements.com;goadservices.com;ibillboard.com,COOKIES
intimate_merger,intimate_merger,site_analytics,im-apps.net,COOKIES
iotec,iotec,advertising,dsp.io,COOKIES
iovation,iovation,essential,iesnare.com;iovation.com,COOKIES
netletix,ip_de,advertising,netzathleten-media.de,
iperceptions,iperceptions,customer_interaction,iperceptions.com,COOKIES
streamrail.com,ironsource,audio_video_player,streamrail.com;streamrail.net,
ixi_digital,ixi_services,advertising,ixiaa.com,COOKIES
jetlore,jetlore,site_analytics,jetlore.com,COOKIES
jivox,jivox,advertising,jivox.com,
jquery,js_foundation,cdn,cdnjquery.com;jquery.com,
juggcash,juggcash,pornvertising,contentabc.com;mofos.com,
juicyads,juicyads,pornvertising,juicyads.com,
just_premium,just_premium,advertising,justpremium.com;justpremium.nl,COOKIES
jw_player,jw_player,audio_video_player,d21rhj7n383afu.cloudfront.net;jwpcdn.com;jwplatform.com;jwplayer.com;jwpltx.com;jwpsrv.com,
kaltura,kaltura,audio_video_player,kaltura.com,
kameleoon,kameleoon,site_analytics,kameleoon.com;kameleoon.eu,COOKIES
i-behavior,kbm_group,advertising,ib-ibi.com,COOKIES
kenshoo,kenshoo,site_analytics,xg4ken.com,
kiosked,kiosked,advertising,kiosked.com,
komoona,komoona,advertising,komoona.com,
kontextr,kontext,advertising,ktxtr.com,
le_monde.fr,le_monde.fr,misc,lemde.fr,
leadplace,leadplace,site_analytics,leadplace.fr,COOKIES
lengow,lengow,advertising,lengow.com,COOKIES
lifestreet_media,lifestreet_media,advertising,lfstmedia.com,COOKIES
lockerz_share,lightInthebox,social_media,addtoany.com,COOKIES
linkpulse,linkpulse,site_analytics,lp4.io,
liquidm_technology_gmbh,liquidm,advertising,lqm.io;lqmcdn.com,COOKIES
livechat,livechat,customer_interaction,livechatinc.com;livechatinc.net,COOKIES
livefyre,livefyre,comments,fyre.co;livefyre.com,
live_intent,liveintent,site_analytics,liadm.com,COOKIES;FINGERPRINTING
liveinternet,liveinternet,comments,yadro.ru,COOKIES
liveperson,liveperson,customer_interaction,liveperson.net;lpsnmedia.net,COOKIES
loggly,loggly,site_analytics,loggly.com,
lotame,lotame,advertising,crwdcntrl.net,COOKIES
m-pathy,m-pathy,advertising,m-pathy.com,
magnetic,magnetic,advertising,d3ezl4ajpp2zy8.cloudfront.net;domdex.com;domdex.net,
mailerlite.com,mailerlite,hosting,mailerlite.com,COOKIES
marin_search_marketer,marin_software,advertising,marinsm.com,COOKIES
marketgid,marketgid_usa,advertising,dt00.net;dt07.net;marketgid.com;mgid.com,
marketgrid,marketgrid,unknown,marketgid.com,
marketo,marketo,advertising,marketo.com;marketo.net;mktoresp.com,COOKIES
markmonitor,markmonitor,advertising,9c9media.com;caanalytics.com;mmstat.com,COOKIES;FINGERPRINTING
maru-edu,maruedr,customer_interaction,edigitalsurvey.com,COOKIES
maxmind,maxmind,advertising,maxmind.com,COOKIES
maxpoint_interactive,maxpoint_interactive,advertising,mxptint.net,COOKIES
kampyle,medallia,site_analytics,kampyle.com,
media_impact,media_impact,advertising,mediaimpact.de,
media_innovation_group,media_innovation_group,advertising,mookie1.com,COOKIES
media.net,media.net,advertising,media.net,
mediamath,mediamath,advertising,mathads.com;mathtag.com,COOKIES
estat,mediametrie,site_analytics,cybermonitor.com;estat.com,COOKIES
mediarithmics.com,mediarithmics,advertising,mediarithmics.com,COOKIES
mediascope,mediascope,site_analytics,tns-counter.ru,COOKIES
embed.ly,medium,site_analytics,embed.ly;embedly.com,COOKIES
meetrics,meetrics,advertising,meetrics.net;mxcdn.net;research.de.com,
mail.ru_group,megafon,social_media,imgsmail.ru;mail.ru;mradx.net;odnoklassniki.ru;ok.ru,COOKIES;FINGERPRINTING
vkontakte_widgets,megafon,social_media,userapi.com;vk.com;vkontakte.ru,COOKIES
mycdn.me,megafon,cdn,mycdn.me,COOKIES
vk.com,megafon,social_media,cdn-vk.com;vk-analytics.com;vkuservideo.net,COOKIES
metapeople,metapeople,advertising,metalyzer.com;mlsat02.de,COOKIES
metrigo,metrigo,advertising,metrigo.com,COOKIES
bing_ads,microsoft,advertising,bing.com;bing.net,COOKIES
microsoft,microsoft,misc,azurewebsites.net;cloudapp.net;gfx.ms;live.com;microsoft.com;microsoftonline-p.com;microsoftonline.com;microsofttranslator.com;msecnd.net;msedge.net;msocdn.com;onestore.ms;s-microsoft.com;trouter.io;windows.net,COOKIES
linkedin,microsoft,misc,bizo.com;bizographics.com;licdn.com;linkedin.com;lynda.com,COOKIES
aspnetcdn,microsoft,cdn,aspnetcdn.com,
msn,microsoft,misc,ads.msn.com;ads1.msn.com;adsyndication.msn.com;bat.r.msn.com;col.stc.s-msn.com;flex.msn.com;msn.com;s-msn.com,COOKIES
office365.com,microsoft,misc,office365.com,COOKIES;FINGERPRINTING
bing_maps,microsoft,customer_interaction,virtualearth.net,
azureedge.net,microsoft,cdn,azureedge.net,
skype,microsoft,customer_interaction,skype.com;skypeassets.com,COOKIES
office.com,microsoft,misc,office.com,COOKIES
office.net,microsoft,misc,office.net,
visualstudio.com,microsoft,misc,visualstudio.com,
sharepoint,microsoft,customer_interaction,sharepointonline.com,
footprintdns.com,microsoft,unknown,footprintdns.com,
insightexpress,millward_brown,site_analytics,insightexpressai.com,
mixpanel,mixpanel,site_analytics,mixpanel.com;mxpnl.com;mxpnl.net,
monetate,monetate,site_analytics,monetate.net,
monster_advertising,monster_worldwide,advertising,monster.com,COOKIES
mopinion.com,mopinion,customer_interaction,mopinion.com,COOKIES
mouseflow,mouseflow,site_analytics,mouseflow.com,
mediator.media,mycom_bv,site_analytics,mediator.media,COOKIES
myfonts_counter,myfonts,site_analytics,myfonts.net,
mythings,mythings_,advertising,mythings.com,
nanigans,nanigans,advertising,nanigans.com,
nano_interactive,nano_interactive,advertising,audiencemanager.de,COOKIES
nativo,nativo,advertising,ntv.io;postrelease.com,
navegg_dmp,navegg,site_analytics,navdmp.com,COOKIES
naver.com,naver,misc,naver.com;naver.net,COOKIES;FINGERPRINTING
pstatic.net,naver,cdn,pstatic.net,
nekudo.com,nekudo,customer_interaction,nekudo.com,COOKIES
neory_,neory,advertising,ad-srv.net;contentspread.net;neory-tm.com;simptrack.com,COOKIES
net-metrix,net-metrix,site_analytics,wemfbox.ch,COOKIES;FINGERPRINTING
netmining,netmining,advertising,netmining.com;netmng.com,COOKIES
netseer,netseer,advertising,netseer.com,
netsprint_audience,netsprint,site_analytics,nsaudience.pl,COOKIES
aggregate_knowledge,neustar,advertising,agkn.com,COOKIES
neustar_adadvisor,neustar,advertising,adadvisor.net,
new_relic,new_relic,site_analytics,d1ros97qkrwjf5.cloudfront.net;newrelic.com;nr-data.net,COOKIES
lkqd,nexstar,advertising,lkqd.net,
next_performance,nextperf,advertising,nxtck.com,
netratings_sitecensus,nielsen,advertising,glanceguide.com;imrworldwide.com;vizu.com,COOKIES;FINGERPRINTING
exelate,nielsen,advertising,exelator.com,COOKIES
nugg.ad,nugg.ad,advertising,nuggad.net,COOKIES
o2.pl,o2.pl,misc,o2.pl,COOKIES
olark,olark,customer_interaction,olark.com,
onesignal,onesignal,essential,onesignal.com;os.tc,COOKIES
adalyser.com,onesoon,site_analytics,adalyser.com,
onetrust,onetrust,essential,onetrust.com,COOKIES
onfocus.io,onfocus,advertising,fogl1onf.com;onfocus.io,COOKIES
onthe.io,onthe.io,site_analytics,onthe.io,COOKIES
openx,openx,advertising,odnxs.net;openx.net;openx.org;openxenterprise.com;servedbyopenx.com,COOKIES
optimatic,optimatic,audio_video_player,optimatic.com,
realperson.de,optimise_it,customer_interaction,realperson.de,
optimizely,optimizely,site_analytics,optimizely.com,
optinmonster,optinmonster,site_analytics,mstrlytcs.com;optmnstr.com;optmstr.com;optnmstr.com,
ora.tv,ora.tv,advertising,ora.tv,COOKIES
bluekai,oracle,advertising,bkrtx.com;bluekai.com,COOKIES
addthis,oracle,advertising,addthis.com;addthiscdn.com;addthisedge.com,COOKIES
moat,oracle,advertising,moatads.com;moatpixel.com,
eloqua,oracle,advertising,eloqua.com;en25.com,COOKIES
oracle_rightnow,oracle,misc,rightnowtech.com;rnengage.com,COOKIES
grapeshot,oracle,advertising,grapeshot.co.uk;gscontxt.net,
maxymiser,oracle,advertising,maxymiser.net,
orange,orange_mobile,advertising,orange.fr;orangeads.fr,
os.tc,os.tc,unknown,os.tc,COOKIES
outbrain,outbrain,misc,outbrain.com;outbrainimg.com,
visual_revenue,outbrain,site_analytics,visualrevenue.com,
owneriq,owneriq,advertising,owneriq.net,COOKIES
owox.com,owox_inc,site_analytics,owox.com,COOKIES;FINGERPRINTING
pagefair,pagefair,customer_interaction,blockmetrics.com;pagefair.com;pagefair.net,
pardot,pardot,site_analytics,pardot.com,COOKIES
parsely,parse.ly,site_analytics,d1z2jf7jlzjs58.cloudfront.net;parsely.com,COOKIES
greatviews.de,parship,advertising,greatviews.de,COOKIES
paypal,paypal,customer_interaction,paypal.com;paypalobjects.com,COOKIES
peer5.com,peer5,cdn,peer5.com,COOKIES
peerius,peerius,customer_interaction,peerius.com,
perfect_audience,perfect_audience,advertising,perfectaudience.com;prfct.co,COOKIES
perfect_market,perfect_market,advertising,perfectmarket.com,
perform_group,perform_group,essential,performgroup.com,COOKIES
pscp.tv,periscope,social_media,pscp.tv,COOKIES
permutive,permutive,advertising,permutive.com,
tinypass,piano__previously_tinypass_,essential,npttech.com;tinypass.com,COOKIES
pingdom,pingdom,site_analytics,pingdom.net,COOKIES
pinterest,pinterest,social_media,pinimg.com;pinterest.com,COOKIES
pixalate,pixalate,advertising,adrta.com,COOKIES;FINGERPRINTING
161media,platform161,site_analytics,creative-serving.com,COOKIES
playbuzz.com,playbuzz,site_analytics,playbuzz.com,COOKIES
plista,plista,advertising,plista.com,COOKIES;FINGERPRINTING
polar.me,polar_inc,advertising,mediavoice.com,
popads,popads,advertising,popads.net;popadscdn.net,
powerlinks,powerlinks,advertising,powerlinks.com,COOKIES
propeller_ads,propeller_ads,advertising,oclaserver.com;onclasrv.com;onclickads.net;onclkds.com;propellerads.com;propellerpops.com,
kairion.de,prosieben_sat1,advertising,kairion.de;kctag.net,COOKIES
pubmatic,pubmatic,advertising,pubmatic.com,COOKIES
pulsepoint,pulsepoint_ad_exchange,advertising,contextweb.com;pulsepoint.com,COOKIES
purch,purch,advertising,purch.com;servebom.com,
push.world,push.world,customer_interaction,push.world,COOKIES
pushcrew,pushcrew,customer_interaction,pushcrew.com,COOKIES
pushwoosh.com,pushwoosh,customer_interaction,pushwoosh.com,
qq.com,qq.com,misc,qq.com,COOKIES
post_affiliate_pro,qualityunit,advertising,postaffiliatepro.com,COOKIES
qualtrics,qualtrics,site_analytics,qualtrics.com,
quantcast,quantcast,advertising,quantcast.com;quantserve.com,COOKIES
quantcount,quantcast,site_analytics,quantcount.com,
quantum_metric,quantum_metric,site_analytics,quantummetric.com,COOKIES
quisma,quisma,advertising,qservz.com;quisma.com,COOKIES
linksynergy.com,rakuten,advertising,linksynergy.com,COOKIES
rakuten_display,rakuten,advertising,mediaforge.com;rmtag.com,
realytics,realytics,site_analytics,dcniko1cv0rz.cloudfront.net,
recreativ,recreativ,advertising,recreativ.ru,
reddit,reddit,social_media,redd.it;reddit-image.s3.amazonaws.com;reddit.com;redditmedia.com;redditstatic.com,COOKIES
reembed.com,reembed,audio_video_player,reembed.com,COOKIES
reevoo.com,reevoo,site_analytics,reevoo.com,COOKIES;FINGERPRINTING
refined_labs,refined_labs,advertising,refinedads.com,COOKIES
research_now,research_now,advertising,researchnow.com,
revcontent,revcontent,advertising,revcontent.com,
richrelevance,richrelevance,advertising,ics0.com;richrelevance.com,COOKIES
scoota,rockabox,advertising,rockabox.co,COOKIES
mailchimp,rocket_science_group,advertising,chimpstatic.com;list-manage.com;mailchimp.com,
roq.ad,roq.ad,advertising,rqtrk.eu,COOKIES
rtb_house,rtb_house,advertising,creativecdn.com,
spotxchange,rtl_group,advertising,spotx.tv;spotxcdn.com;spotxchange.com,COOKIES
rubicon,rubicon_project,advertising,dpclk.com;mobsmith.com;nearbyad.com;rubiconproject.com,COOKIES
run,run,advertising,runadtag.com;rundsp.com,COOKIES
rhythmone_beacon,rythmone,advertising,1rx.io,COOKIES
radiumone,rythmone,advertising,gwallet.com;r1-cdn.net,
po.st,rythmone,social_media,po.st,COOKIES
rythmxchange,rythmone,audio_video_player,rhythmxchange.com,COOKIES
sailthru_horizon,sailthru,advertising,sail-horizon.com;sail-personalize.com;sailthru.com,
salecycle,salecycle,advertising,d16fk4ms6rqz1v.cloudfront.net;salecycle.com,
krux_digital,salesforce,advertising,krxd.net,COOKIES
cquotient.com,salesforce,site_analytics,cquotient.com,COOKIES
salesforce_live_agent,salesforce,customer_interaction,liveagentforsalesforce.com;salesforceliveagent.com,COOKIES
salesforce.com,salesforce,site_analytics,force.com;salesforce.com,COOKIES
samba.tv,samba_tv,advertising,samba.tv,COOKIES
adgear,samsung,advertising,adgear.com;adgrx.com,
ninja_access_analysis,samurai_factory,site_analytics,cho-chin.com;donburako.com;hishaku.com;shinobi.jp,COOKIES
sas,sas,site_analytics,aimatch.com;sas.com,COOKIES
schibsted,schibsted_asa,misc,schibsted.com;schibsted.io,COOKIES
immobilienscout24_de,scout24,misc,immobilienscout24.de;static-immobilienscout24.de,
autoscout24.com,scout24,misc,autoscout24.com;autoscout24.net,
seedtag.com,seedtag,advertising,seedtag.com,COOKIES
segment,segment,site_analytics,d2dq2ahtl5zl1z.cloudfront.net;d47xnnr8b1rki.cloudfront.net;segment.com;segment.io,
sekindo,sekindo,advertising,sekindo.com,
semasio,semasio,advertising,semasio.net,COOKIES
sentifi.com,sentifi,site_analytics,sentifi.com,
sessioncam,sessioncam,site_analytics,d2oh4tlt9mrke9.cloudfront.net;sessioncam.com,COOKIES
sexadnetwork,sexadnetwork,pornvertising,sexad.net,COOKIES
seznam,seznam,site_analytics,imedia.cz;szn.cz,COOKIES;FINGERPRINTING
shareaholic,shareaholic,advertising,dtym7iokkjlif.cloudfront.net;shareaholic.com,COOKIES
sharethis,sharethis,advertising,sharethis.com,COOKIES
sharethrough,sharethrough,advertising,shareth.ru;sharethrough.com,
shopify_stats,shopify,advertising,shopify.com,
shopifycloud.com,shopify,customer_interaction,shopifycloud.com,
shutterstock,shutterstock_inc,misc,shutterstock.com,COOKIES
sift_science,sift_science,site_analytics,dtlilztwypawv.cloudfront.net;siftscience.com,
signal,signal_digital,essential,btstatic.com;signal.co;thebrighttag.com,COOKIES
simpli.fi,simpli.fi,advertising,simpli.fi,COOKIES
sirdata,sirdata,site_analytics,sddan.com,COOKIES
siteimprove_analytics,siteimprove,site_analytics,siteimproveanalytics.com,COOKIES
siteimprove,siteimprove,site_analytics,siteimprove.com,COOKIES;FINGERPRINTING
sitescout,sitescout,advertising,sitescout.com,COOKIES
sizmek,sizmek,advertising,serving-sys.com,COOKIES
rocket_fuel,sizmek,advertising,rfihub.com;rfihub.net;ru4.com;xplusone.com,COOKIES
skimlinks,skimlinks,advertising,redirectingat.com;skimlinks.com;skimresources.com,COOKIES
smart_adserver,smart_adserver,advertising,sascdn.com;smartadserver.com;styria-digital.com;yoc-adserver.com,
smartclip,smartclip,advertising,smartclip.net,COOKIES
smartlook,smartlook,customer_interaction,getsmartlook.com;smartlook.com,
smartstream.tv,smartstream,advertising,smartstream.tv,COOKIES
snap_engage,snap_engage,customer_interaction,snapengage.com,
snigelweb,snigelweb_inc,advertising,h-bid.com,
snowplow,snowplow,site_analytics,d346whrrklhco7.cloudfront.net;d78fikflryjgj.cloudfront.net;dc8xl0ndzn2cb.cloudfront.net;playwire.com;snplow.net,
sociomantic,sociomantic_labs_gmbh,advertising,sociomantic.com,
sojern,sojern,advertising,sojern.com,COOKIES
sonobi,sonobi,advertising,sonobi.com,
sophus3,sophus3,advertising,sophus3.com,COOKIES;FINGERPRINTING
soundcloud,soundcloud,audio_video_player,sndcdn.com;soundcloud.com,COOKIES
sovrn,sovrn,advertising,d3pkae9owd2lcf.cloudfront.net;lijit.com,COOKIES
sovrn_viewability_solutions,sovrn,advertising,onscroll.com,
sovrn_onetag,sovrn,advertising,s-onetag.com,
smaato,spearhead,advertising,smaato.net,
spongecell,spongecell,advertising,spongecell.com,
spot.im,spot.im,social_media,spot.im,COOKIES
spoteffect,spoteffect,site_analytics,spoteffects.net,
spots.im,spots.im,unknown,spots.im,COOKIES
springserve,springserve,advertising,springserve.com,
stackadapt,stackadapt,advertising,stackadapt.com,COOKIES
ixquick.com,startpage,misc,ixquick.com,
statcounter,statcounter,site_analytics,statcounter.com,
steelhouse,steelhouse,advertising,steelhousemedia.com,COOKIES
adscale,stroer,advertising,adscale.de,COOKIES
mbr_targeting,stroer,advertising,m6r.eu,COOKIES
stroer_digital_media,stroer,advertising,interactivemedia.net;stroeerdigitalgroup.de;stroeerdigitalmedia.de;stroeerdp.de;stroeermediabrands.de,
seeding_alliance,stroer,advertising,nativendo.de,COOKIES
strossle,strossle,advertising,sprinklecontent.com;strossle.it,
stumbleupon_widgets,stumbleupon,social_media,stumble-upon.com;stumbleupon.com;su.pr,
sublime_skinz,sublime_skinz,advertising,ayads.co,
sumome,sumome,site_analytics,sumo.com;sumome.com,
sundaysky,sundaysky,advertising,sundaysky.com,COOKIES
switch_concepts,switch_concepts,advertising,myswitchads.com;switchadhub.com;switchads.com;switchafrica.com,COOKIES
symantec,symantec__norton_secured_seal_,essential,norton.com;symantec.com;thawte.com;verisign.com,
lenua.de,synatix,advertising,lenua.de,
taboola,taboola,advertising,basebanner.com;taboola.com;taboolasyndication.com,
tag_commander,tag_commander,essential,commander1.com;tagcommander.com,COOKIES
tagman,tagman,essential,levexis.com,COOKIES
tail_target,tail.digital,site_analytics,tailtarget.com,COOKIES
tawk,tawk,customer_interaction,tawk.to,COOKIES
teads,teads,advertising,teads.tv,
tealium,tealium,essential,llnwd.net;tealium.com;tealiumiq.com;tiqcdn.com,COOKIES
tapad,telenor,advertising,tapad.com,
ooyala.com,telstra,audio_video_player,ooyala.com,COOKIES
the_adex,the_adex,advertising,theadex.com,COOKIES
batch_media,the_adex,advertising,t4ft.de,COOKIES
owa,the_austrian_web_analysis__owa_,site_analytics,oewabox.at,COOKIES
the_guardian,the_guardian,misc,guim.co.uk,
nyt.com,the_new_york_times,misc,nyt.com,
the_reach_group,the_reach_group,advertising,deepthought.online;reachgroup.com;redintelligence.net,COOKIES
tradedesk,the_trade_desk,advertising,adsrvr.org,COOKIES
themoviedb,themoviedb,misc,tmdb.org,COOKIES
dynatrace.com,thoma_bravo,site_analytics,dynatrace.com,
threatmetrix,threatmetrix,site_analytics,online-metrix.net,
trackjs,trackjs,site_analytics,d2zah9y47r7bi2.cloudfront.net;dl1d2m8ri9v3j.cloudfront.net;trackjs.com,
tradedoubler,tradedoubler,advertising,tradedoubler.com,COOKIES
tradelab,tradelab,advertising,tradelab.fr,COOKIES
tradetracker,tradetracker,advertising,tradetracker.net,
traffic_stars,traffic_stars,pornvertising,trafficstars.com;tsyndicate.com,
trafficforce,trafficforce,advertising,trafficforce.com,COOKIES
traffichaus,traffichaus,pornvertising,traffichaus.com,
trafficjunky,trafficjunky,pornvertising,trafficjunky.net,
trbo,trbo,advertising,trbo.com,
triplelift,triplelift,advertising,3lift.com;d3iwjrnl4m67rd.cloudfront.net;triplelift.com,
trueanthem,trueanthem,advertising,tru.am,COOKIES
truste_notice,trustarc,essential,choices-or.truste.com;choices.truste.com,
truste_consent,trustarc,essential,consent.truste.com,
trustarc,trustarc,essential,trustarc.com;truste.com,
truste_seal,trustarc,essential,privacy-policy.truste.com,
trusted_shops,trusted_shops,site_analytics,trustedshops.com,
trustpilot,trustpilot,customer_interaction,trustpilot.com,
programattik,ttnet,advertising,programattik.com,COOKIES
tubemogul,tubemogul,advertising,tubemogul.com,
turn_inc.,turn_inc.,advertising,turn.com,COOKIES
twiago,twiago,advertising,twiago.com,COOKIES
twitter,twitter,social_media,ads-twitter.com;t.co;twimg.com;twitter.com,COOKIES
twitter_for_business,twitter,advertising,tellapart.com,
twyn,twyn,advertising,twyn.com,COOKIES
cnzz.com,umeng,site_analytics,cnzz.com;umeng.com,COOKIES;FINGERPRINTING
adstir,united_inc,advertising,ad-stir.com,
united_internet_media_gmbh,united_internet,advertising,tifbs.net;ui-portal.de;uimserv.net,COOKIES;FINGERPRINTING
unruly_media,unruly,advertising,unrulymedia.com,COOKIES
usabilla,usabilla,customer_interaction,usabilla.com,
usemax,usemax,advertising,usemax.de;usemaxserver.de,COOKIES
userreport,userreport,customer_interaction,userreport.com,COOKIES
uservoice,uservoice,customer_interaction,uservoice.com,COOKIES
optomaton,ve,advertising,volvelle.tech,COOKIES
ve_interactive,ve_interactive,advertising,veinteractive.com,COOKIES;FINGERPRINTING
vntsm.com,venatus,advertising,vntsm.com,
yahoo,verizon,site_analytics,interclick.com;tumblr.com;yahoo.com;yahooapis.com;yimg.com,COOKIES
adtech,verizon,site_analytics,adtech.de;adtechus.com,
advertising.com,verizon,advertising,adsdk.com;advertising.com;aol.com;atwola.com;pictela.net,COOKIES
brightroll,verizon,advertising,btrll.com,COOKIES
nexage,verizon,advertising,nexage.com,
aol_cdn,verizon,site_analytics,aolcdn.com,
adap.tv,verizon,advertising,adap.tv,
alephd.com,verizon,advertising,alephd.com,
flickr_badge,verizon,social_media,flickr.com;staticflickr.com,
convertro,verizon,advertising,convertro.com;d1ivexoxmp59q7.cloudfront.net,COOKIES
vidible,verizon,advertising,vidible.tv,COOKIES
tumblr_buttons,verizon,social_media,platform.tumblr.com,COOKIES
oath_inc,verizon,misc,oath.com,COOKIES
vg_wort,vg_wort,site_analytics,vgwort.de,COOKIES
vi,vi,advertising,digitaltarget.ru,COOKIES
vibrant_ads,vibrant_media,advertising,intellitxt.com,
videology,videology,advertising,tidaltv.com,
videoplaza,videoplaza,advertising,videoplaza.tv,COOKIES
viglink,viglink,advertising,viglink.com,COOKIES
vindico_group,vindico_group,advertising,vindicosuite.com,
visible_measures,visible_measures,advertising,viewablemedia.net;visiblemeasures.com,
visual_iq,visualiq,site_analytics,myvisualiq.net,COOKIES
vivalu,vivalu,advertising,vi-tag.net,
dailymotion,vivendi,misc,dailymotion.com;dailymotionbus.com;dm-event.net;dmcdn.net,COOKIES
dailymotion_advertising,vivendi,advertising,dmxleo.com,COOKIES
vizury,vizury,advertising,vizury.com,COOKIES
weborama,weborama,advertising,adrcdn.com;adrcntr.com;weborama.com;weborama.fr,
webtrekk,webtrekk,site_analytics,d1r27qvpjiaqj3.cloudfront.net;mateti.net;wbtrk.net;wcfbc.net;webtrekk-asia.net;webtrekk.com;webtrekk.net;wt-eu02.net;wt-safetag.com,COOKIES
webtrends,webtrends,site_analytics,webtrends.com;webtrendslive.com,COOKIES;FINGERPRINTING
whatbroadcast,whatsbroadcast,customer_interaction,whatsbroadcast.com,
whos.amung.us,whos.amung.us,site_analytics,amung.us,
widespace,widespace,advertising,widespace.com,COOKIES
wikia_cdn,wikia,cdn,nocookie.net,
wikia-services.com,wikia,misc,wikia-services.com,COOKIES
visual_website_optimizer,wingify,site_analytics,d5phz18u4wuww.cloudfront.net;visualwebsiteoptimizer.com;wingify.com,
wistia,wistia,site_analytics,wistia.com;wistia.net,COOKIES
wonderpush,wonderpush,customer_interaction,wonderpush.com,
tns,wpp,site_analytics,research-int.se;sesamestats.com;spring-tns.net;statistik-gallup.net;tns-cs.net;tns-gallup.dk,COOKIES;FINGERPRINTING
wwwpromoter,wwwpromoter,advertising,wwwpromoter.com,
xing,xing,site_analytics,xing-share.com;xing.com,
xplosion,xplosion_interactive,advertising,xplosion.de,COOKIES;FINGERPRINTING
yandex,yandex,advertising,d31j93rd8oukbv.cloudfront.net;yandex.net;yandex.ru;yastatic.net,COOKIES
yandex_adexchange,yandex,advertising,yandexadexchange.net,
yandex.api,yandex,customer_interaction,yandex.st,
yandex_advisor,yandex,extensions,metabar.ru,COOKIES
yandex_direct,yandex,site_analytics,webvisor.org,COOKIES
yieldbot,yieldbot,site_analytics,yldbt.com,
yieldify,yieldify,advertising,yieldify.com,COOKIES;FINGERPRINTING
yieldlab,yieldlab,advertising,yieldlab.net,COOKIES
yieldlove,yieldlove,advertising,yieldlove-ad-serving.net;yieldlove.com,
yieldmo,yieldmo,advertising,yieldmo.com,
zebestof.com,zebestof,advertising,zebestof.com,COOKIES
zedo,zedo,advertising,zedo.com,
zemanta,zemanta,customer_interaction,zemanta.com,COOKIES
zencoder,zencoder,audio_video_player,zencdn.net,
zendesk,zendesk,customer_interaction,zendesk.com,COOKIES
zdassets.com,zendesk,misc,zdassets.com,COOKIES
zergnet,zergnet,customer_interaction,zergnet.com,
ziff_davis,ziff_davis,advertising,webtest.net;zdbb.net;ziffdavis.com;ziffdavisinternational.com;ziffprod.com;ziffstatic.com,
site24x7,zoho_corp,site_analytics,site24x7rum.com;site24x7rum.eu,COOKIES
zopim,zopim,customer_interaction,zopim.com,COOKIES
adomik,,advertising,adomik.com,
adality_gmbh,,advertising,adrtx.net,
t-mobile,,misc,sdp-campaign.de;t-online.de;telekom-dienste.de;telekom.com;telekom.de;toi.de,COOKIES
cdnnetwok_xyz,,extensions,cdnnetwok.xyz,COOKIES;FINGERPRINTING
xhamster,,pornvertising,xhamster.com;xhamsterlive.com;xhcdn.com,COOKIES
eluxer_net,,extensions,eluxer.net,COOKIES;FINGERPRINTING
worldnaturenet_xyz,,extensions,worldnaturenet.xyz,COOKIES;FINGERPRINTING
wikimedia.org,,cdn,wikimedia.org;wikipedia.org;wikiquote.org,COOKIES
zanox,,advertising,zanox-affiliate.de;zanox.com;zanox.ws,COOKIES
createjs,,cdn,createjs.com,
pornhub,,pornvertising,phncdn.com;pornhub.com,
m._p._newmedia,,advertising,mpnrs.com,COOKIES
sevenone_media,,advertising,71i.de,
wywy.com,,advertising,wywy.com;wywyuserservice.com,COOKIES
advanced_hosters,,cdn,ahcdn.com;pix-cdn.org,
jsdelivr,,cdn,jsdelivr.net,
oms,,advertising,oms.eu;omsnative.de,COOKIES
web.de,,misc,web.de;webde.de,
stripchat.com,,pornvertising,stripcdn.com;stripchat.com,
monotype_gmbh,,cdn,fonts.net,
dynamic_1001_gmbh,,misc,dyntracker.de;media01.eu,COOKIES
zononi.com,,pornvertising,zononi.com,COOKIES
rtl_group,,misc,rtl.de;static-fra.de;technical-service.net,COOKIES
pizzaandads_com,,unknown,pizzaandads.com,
nt.vc,,misc,nt.vc,COOKIES
1und1,,misc,1and1.com;1und1.de;uicdn.com;website-start.de,
evidon,,essential,betrad.com;evidon.com,
cpx.to,,unknown,cpx.to,COOKIES
cdn13.com,,misc,cdn13.com,
zalando_de,,misc,zalan.do;zalando.de;ztat.net,
booking.com,,misc,booking.com;bstatic.com,
tvsquared.com,,advertising,tvsquared.com,COOKIES;FINGERPRINTING
userlike.com,,customer_interaction,dq4irj27fs462.cloudfront.net;userlike-cdn-widgets.s3-eu-west-1.amazonaws.com;userlike.com,
bahn_de,,misc,bahn.de;img-bahn.de,
schneevonmorgen.com,,audio_video_player,schneevonmorgen.com;svonm.com,
nexeps.com,,advertising,nexeps.com,COOKIES
adup-tech.com,,advertising,adup-tech.com,COOKIES
youporn,,pornvertising,youporn.com;ypncdn.com,
openload,,cdn,oloadcdn.net;openload.co,COOKIES
congstar.de,,advertising,congstar.de,COOKIES
tisoomi,,advertising,tisoomi-services.com,COOKIES
falk_technologies,,misc,angsrvr.com,COOKIES
rackcdn.com,,cdn,rackcdn.com,
otto.de,,misc,otto.de,COOKIES
xvideos_com,,misc,xvideos-cdn.com;xvideos.com,
dynadmic,,advertising,dyntrk.com,COOKIES
circit,,site_analytics,iqcontentplatform.de,COOKIES
highwebmedia.com,,pornvertising,highwebmedia.com,COOKIES
idealo_com,,advertising,idealo.com,COOKIES
fraudlogix,,advertising,yabidos.com,COOKIES
etahub.com,,unknown,etahub.com,COOKIES
maxcdn,,cdn,maxcdn.com;netdna-cdn.com;netdna-ssl.com,
o2online.de,,misc,o2online.de,COOKIES
remintrex,,advertising,remintrex.com,
foxydeal_com,,extensions,foxydeal.com,COOKIES
glotgrx.com,,unknown,glotgrx.com,COOKIES
imgur,,misc,imgur.com,COOKIES
blau.de,,misc,blau.de,COOKIES
rambler,,misc,rambler.ru;rnet.plus;top100.ru,COOKIES;FINGERPRINTING
channel_pilot_solutions,,site_analytics,cptrack.de,COOKIES
traffective,,advertising,cdntrf.com;traffective.com,COOKIES
sheego.de,,misc,sheego.de,COOKIES
findologic.com,,customer_interaction,findologic.com,
emsmobile.de,,misc,emsmobile.de,
easylist_club,,unknown,easylist.club,
geniee,,advertising,gssprt.jp,COOKIES
stailamedia_com,,advertising,stailamedia.com,
wetter_com,,misc,wetter.com;wettercomassets.com,COOKIES
kxcdn.com,,cdn,kxcdn.com,
srvtrck.com,,extensions,srvtrck.com,COOKIES
xfreeservice.com,,unknown,xfreeservice.com,
qubit,,site_analytics,d3c3cq33003psk.cloudfront.net;qubit.com,
ciuvo.com,,extensions,ciuvo.com,COOKIES;FINGERPRINTING
klarna.com,,customer_interaction,klarna.com,COOKIES
united_digital_group,,advertising,nonstoppartner.net,
westlotto_com,,misc,westlotto.com,
atg_group,,advertising,oadts.com,COOKIES
adtriba.com,,site_analytics,adtriba.com,COOKIES
freenet_de,,misc,freenet.de;freent.de,
sentry,,site_analytics,ravenjs.com;sentry.io,
icf_technology,,customer_interaction,nsimg.net,
vorwerk.de,,misc,vorwerk.de,COOKIES
mov.ad_,,misc,movad.de;movad.net,COOKIES
conative.de,,advertising,conative.de,
polyfill.io,,misc,polyfill.io,
mycliplister.com,,customer_interaction,mycliplister.com,
cloudinary,,cdn,cloudinary.com,
vtracy.de,,unknown,vtracy.de,COOKIES
netflix,,misc,netflix.com;nflxext.com;nflximg.net;nflxso.net,
eanalyzer.de,,unknown,eanalyzer.de,COOKIES
cdn77,,cdn,cdn77.com;cdn77.org,
ausgezeichnet_org,,customer_interaction,ausgezeichnet.org,COOKIES
s24_com,,advertising,s24.com,COOKIES
bangdom.com,,pornvertising,bangdom.com,
redblue_de,,site_analytics,redblue.de,COOKIES
dtscout.com,,site_analytics,dtscout.com,COOKIES
twenga,,advertising,c4tw.net,COOKIES
scribblelive,,misc,scribblelive.com,COOKIES
tremor_video,,audio_video_player,tremorhub.com;tremorvideo.com;videohub.tv,COOKIES
crimsonhexagon_com,,site_analytics,crimsonhexagon.com;hexagon-analytics.com,
webgains,,misc,webgains.com,COOKIES
steepto.com,,advertising,steepto.com,COOKIES
similardeals.net,,misc,similardeals.net,
heimspiel,,misc,weltsport.net,
stayfriends.de,,misc,stayfriends.de,COOKIES
woopic.com,,misc,woopic.com,COOKIES
adac_de,,misc,adac.de,COOKIES
generaltracking_de,,unknown,generaltracking.de,COOKIES
webclicks24_com,,unknown,webclicks24.com,
shopgate.com,,customer_interaction,shopgate.com,
1822direkt.de,,misc,1822direkt.de,COOKIES
redtube.com,,cdn,rdtcdn.com;redtube.com,
ehi-siegel_de,,customer_interaction,ehi-siegel.de,
opinary,,customer_interaction,opinary.com,
belboon_gmbh,,misc,belboon.de,
dimml,,misc,dimml.io,COOKIES
rawgit,,cdn,rawgit.com,COOKIES
monotype_imaging,,cdn,fonts.com,
bulkhentai.com,,pornvertising,bulkhentai.com,COOKIES
codeonclick.com,,unknown,codeonclick.com,COOKIES
skadtec.com,,site_analytics,skadtec.com,COOKIES
trafficfabrik.com,,pornvertising,trafficfabrik.com,COOKIES
glomex.com,,audio_video_player,glomex.cloud;glomex.com,COOKIES
adnetworkperformance.com,,unknown,adnetworkperformance.com,
teufel.de,,misc,teufel.de,COOKIES
zog.link,,unknown,zog.link,
airbnb,,site_analytics,muscache.com;musthird.com,FINGERPRINTING
brandwire.tv,,advertising,brandwire.tv,COOKIES
adnium.com,,advertising,adnium.com,
asambeauty.com,,misc,asambeauty.com,COOKIES
touchcommerce,,customer_interaction,inq.com,COOKIES
basilic.io,,site_analytics,basilic.io,
dmwd,,misc,,
adworx.at,,advertising,adworx.at,
adpilot,,advertising,adpilot.at;erne.co,COOKIES
dynamic_yield,,misc,dynamicyield.com,COOKIES;FINGERPRINTING
sumologic.com,,site_analytics,sumologic.com,COOKIES
smartclick.net,,advertising,smartclick.net,
adc_media,,advertising,adc-serv.net;adc-srv.net,COOKIES
brillen.de,,misc,brillen.de,COOKIES
ask.com,,social_media,ask.com,COOKIES
snacktv,,site_analytics,,
vicomi.com,,advertising,vicomi.com,COOKIES
beachfront,,advertising,bfmio.com,COOKIES
trsv3.com,,unknown,trsv3.com,
octapi.net,,unknown,octapi.net,FINGERPRINTING
rtblab,,advertising,rvty.net,COOKIES
mncdn.com,,cdn,mncdn.com,
voluum,,advertising,cwkuki.com;voluumtrk3.com,COOKIES
mein-bmi.com,,extensions,mein-bmi.com,COOKIES
adtelligence.de,,advertising,adtelligence.de,
stripe.com,,customer_interaction,stripe.com;stripe.network,COOKIES
audiencesquare.com,,advertising,audiencesquare.com,
yieldr,,site_analytics,254a.com,COOKIES
dstillery,,advertising,media6degrees.com,
mathjax.org,,cdn,mathjax.org,COOKIES
proxistore.com,,advertising,proxistore.com,COOKIES
pusher.com,,site_analytics,pusher.com;pusherapp.com,
findizer.fr,,misc,findizer.fr,COOKIES
nerfherdersolo_com,,misc,nerfherdersolo.com,
tubecup.org,,pornvertising,tubecup.org,COOKIES
q_division,,advertising,q-divisioncdn.de,COOKIES
magnuum.com,,unknown,magnuum.com,
24_7,,customer_interaction,247-inc.net;d1af033869koo7.cloudfront.net,COOKIES
cqq5id8n.com,,unknown,cqq5id8n.com,COOKIES
typography.com,,cdn,typography.com,
v12_group,,site_analytics,v12group.com,
bongacams.com,,pornvertising,bongacams.com,
aidata.io,,advertising,aidata.io,COOKIES
yume,,advertising,yume.com,COOKIES
nosto.com,,site_analytics,nosto.com,
vodafone.de,,misc,vodafone.de,COOKIES
1dmp.io,,advertising,1dmp.io,COOKIES
algovid.com,,unknown,algovid.com,
cdn-net.com,,unknown,cdn-net.com,COOKIES
chaturbate.com,,pornvertising,chaturbate.com,
adtr02.com,,unknown,,
routenplaner-karten.com,,customer_interaction,routenplaner-karten.com,COOKIES
sourcepoint,,advertising,decenthat.com;summerhamster.com,
sap_xm,,advertising,sap-xm.org,COOKIES
exoticads.com,,pornvertising,exoticads.com,
ablida,,advertising,ablida.de;ablida.net,COOKIES
freegeoip_net,,site_analytics,freegeoip.net,
fontawesome_com,,cdn,fontawesome.com,
globalsign,,misc,globalsign.com,COOKIES
sexypartners.net,,pornvertising,sexypartners.net,COOKIES
admeira.ch,,advertising,admeira.ch,COOKIES
stepstone.com,,misc,stepstone.com,COOKIES
liveadexchanger.com,,unknown,liveadexchanger.com,
homeaway,,misc,homeaway.com,COOKIES
demandbase,,advertising,company-target.com;demandbase.com,COOKIES
propvideo_net,,unknown,propvideo.net,
contentsquare.net,,advertising,contentsquare.net,
oclasrv.com,,unknown,oclasrv.com,
marshadow.io,,advertising,marshadow.io,COOKIES
perimeterx.net,,site_analytics,perimeterx.net,COOKIES
deichmann.com,,advertising,,
sixt-neuwagen.de,,misc,sixt-neuwagen.de,COOKIES
walmart,,misc,walmart.com,COOKIES
tdsrmbl_net,,misc,tdsrmbl.net,
wayfair_com,,misc,wayfair.com,COOKIES
contentpass,,customer_interaction,contentpass.de;contentpass.net,
esprit.de,,misc,esprit.de,COOKIES
performio,,advertising,performax.cz,COOKIES
s3xified.com,,unknown,s3xified.com,COOKIES
zypmedia,,advertising,extend.tv,COOKIES
4finance_com,,customer_interaction,4finance.com,COOKIES
a3cloud_net,,unknown,a3cloud.net,
f11-ads.com,,advertising,f11-ads.com,COOKIES
maxonclick_com,,unknown,maxonclick.com,
mobtrks.com,,unknown,mobtrks.com,
pushnative.com,,unknown,pushnative.com,
baur.de,,misc,baur.de,COOKIES
id-news.net,,advertising,id-news.net;idcdn.de,
upravel.com,,unknown,upravel.com,COOKIES
fluct,,advertising,adingo.jp,
adbrain,,advertising,adbrn.com,
stathat,,site_analytics,stathat.com,COOKIES
xxxlshop.de,,misc,xxxlshop.de,
brealtime,,advertising,brealtime.com,
tchibo_de,,misc,tchibo-content.de;tchibo.de,
eshopcomp.com,,extensions,eshopcomp.com,COOKIES
davebestdeals.com,,extensions,davebestdeals.com,COOKIES;FINGERPRINTING
othersearch.info,,misc,othersearch.info,COOKIES;FINGERPRINTING
spotscenered.info,,unknown,spotscenered.info,COOKIES
brightonclick.com,,advertising,brightonclick.com,
ubersetzung-app.com,,extensions,ubersetzung-app.com,COOKIES
supership,,advertising,socdm.com,COOKIES
overheat.it,,site_analytics,overheat.it,
imgix.net,,cdn,imgix.net,
shopauskunft.de,,customer_interaction,shopauskunft.de,
bumlam.com,,unknown,bumlam.com,COOKIES
wirecard,,customer_interaction,wirecard.com;wirecard.de,
cardlytics,,site_analytics,cardlytics.com,COOKIES
pmddby.com,,extensions,pmddby.com,
comprigo,,extensions,comprigo.com,COOKIES
pnamic.com,,extensions,pnamic.com,COOKIES
donationtools,,extensions,donation-tools.org,COOKIES
bitly,,site_analytics,bit.ly,COOKIES
truoptik,,site_analytics,truoptik.com,COOKIES
solads.media,,advertising,solads.media,
doofinder.com,,customer_interaction,doofinder.com,
opta.net,,customer_interaction,opta.net,
afgr2.com,,pornvertising,afgr2.com,
marvellous_machine,,advertising,marvellousmachine.net,COOKIES
aemediatraffic,,site_analytics,aemediatraffic.com;hprofits.com,COOKIES
dcbap.com,,extensions,dcbap.com,
viralgains,,advertising,viralgains.com,COOKIES
adswizz,,advertising,adswizz.com,COOKIES
storygize,,advertising,storygize.net,COOKIES
realytics.io,,site_analytics,realytics.io,
adguard,,extensions,adguard.com,COOKIES;FINGERPRINTING
sortable,,advertising,deployads.com,
smi2.ru,,advertising,smi2.net;smi2.ru,
venturead.com,,unknown,venturead.com,COOKIES
petametrics,,customer_interaction,petametrics.com,
rtbsuperhub.com,,advertising,rtbsuperhub.com,COOKIES
yahoo_japan,,misc,storage-yahoo.jp;yahoo.co.jp;yahooapis.jp;yimg.jp;yjtag.jp,COOKIES
lentainform.com,,misc,lentainform.com,COOKIES;FINGERPRINTING
layer-ad.org,,advertising,layer-ad.org,
sstatic.net,,cdn,sstatic.net,
acpm.fr,,site_analytics,acpm.fr,COOKIES
enreach,,site_analytics,adtlgc.com,COOKIES
ownpage,,customer_interaction,ownpage.fr,COOKIES
dotmetrics.net,,site_analytics,dotmetrics.net,COOKIES
bitrix,,advertising,bitrix.info;bitrix.ru,COOKIES
sendpulse.com,,pornvertising,sendpulse.com,
onet.pl,,misc,ocdn.eu;onet.pl,COOKIES;FINGERPRINTING
bebi,,advertising,bebi.com,
keywee,,site_analytics,keywee.co,COOKIES;FINGERPRINTING
bigmir.net,,misc,bigmir.net,COOKIES
adbetclickin.pink,,advertising,adbetclickin.pink,
admachine,,advertising,adx1.com,
digioh,,advertising,digioh.com;lightboxcdn.com,COOKIES
segmento,,advertising,rutarget.ru,COOKIES
dropbox.com,,pornvertising,dropbox.com;dropboxstatic.com,COOKIES
retailrocket.net,,pornvertising,retailrocket.net;retailrocket.ru,COOKIES
24smi,,misc,24smi.net;24smi.org,
giphy.com,,social_media,giphy.com,COOKIES
datamind.ru,,advertising,datamind.ru,COOKIES
toplist.cz,,unknown,toplist.cz,COOKIES
tovarro.com,,advertising,tovarro.com,COOKIES
uptolike.com,,social_media,uptolike.com,COOKIES
crosspixel,,advertising,crosspixel.net;crsspxl.com,COOKIES
cloud-media.fr,,advertising,cloud-media.fr,
gfycat.com,,social_media,gfycat.com,COOKIES
flocktory.com,,advertising,flocktory.com,COOKIES;FINGERPRINTING
lucky_orange,,site_analytics,livestatserver.com;luckyorange.com;luckyorange.net,COOKIES
perfdrive.com,,unknown,perfdrive.com,
wp.pl,,misc,wp.pl;wpimg.pl,COOKIES
mirtesen.ru,,social_media,mirtesen.ru,COOKIES
audtd.com,,advertising,audtd.com,COOKIES
blueconic.net,,site_analytics,blueconic.net,COOKIES
persgroep,,advertising,persgroep.net,COOKIES
pluso.ru,,social_media,pluso.ru,COOKIES
sanoma.fi,,advertising,ilsemedia.nl;sanoma.fi,COOKIES;FINGERPRINTING
beeline.ru,,advertising,beeline.ru,COOKIES
ucoz.net,,site_analytics,ucoz.net,COOKIES
piguiqproxy.com,,unknown,piguiqproxy.com,
puserving.com,,unknown,puserving.com,
bbci,,hosting,bbci.co.uk,
relap,,advertising,relap.io,COOKIES
velocecdn.com,,unknown,velocecdn.com,
hotdogsandads.com,,unknown,hotdogsandads.com,
heroku,,hosting,herokuapp.com,
openstat,,site_analytics,openstat.net,COOKIES
ymetrica1.com,,unknown,ymetrica1.com,COOKIES
speedcurve,,site_analytics,speedcurve.com,
combotag,,advertising,combotag.com,
olx-st.com,,misc,olx-st.com;onap.io,COOKIES
unpkg.com,,cdn,unpkg.com,
ipify,,misc,ipify.org,
adglare.net,,advertising,adglare.net,
advertserve,,advertising,advertserve.com,
quora.com,,social_media,quora.com,COOKIES
trafficfactory,,advertising,trafficfactory.biz,
bouncex,,advertising,bouncex.com;bouncex.net,
qualaroo,,site_analytics,qualaroo.com,
smyte,,site_analytics,smyte.com,
spotify,,audio_video_player,scdn.co;spotify.com,
kataweb.it,,advertising,kataweb.it,COOKIES
otm-r.com,,advertising,otm-r.com,COOKIES
caltat.com,,customer_interaction,caltat.com,
giraff.io,,advertising,giraff.io,COOKIES
cackle.me,,pornvertising,cackle.me,
loadercdn.com,,unknown,loadercdn.com,
i10c.net,,unknown,i10c.net,
amgload.net,,unknown,amgload.net,
digital_nomads,,advertising,adtag.cc,
dyncdn.me,,unknown,dyncdn.me,
glganltcs.space,,extensions,glganltcs.space,COOKIES
datds.net,,extensions,datds.net,COOKIES;FINGERPRINTING
superfastcdn.com,,unknown,superfastcdn.com,
notify,,advertising,adleadevent.com,
defpush.com,,unknown,defpush.com,
movable_ink,,pornvertising,micpn.com,
walkme.com,,customer_interaction,walkme.com,
camakaroda.com,,unknown,camakaroda.com,
eperflex,,advertising,email-reflex.com,COOKIES
ccm_benchmark,,advertising,ccmbg.com,COOKIES
iubenda.com,,essential,iubenda.com,COOKIES
acestream.net,,extensions,acestream.net,COOKIES
flixmedia,,misc,flix360.com,COOKIES
logsss.com,,unknown,logsss.com,COOKIES
ria.ru,,misc,ria.ru,COOKIES;FINGERPRINTING
howtank.com,,social_media,howtank.com,COOKIES
hotlog.ru,,site_analytics,hotlog.ru,COOKIES;FINGERPRINTING
tracc.it,,site_analytics,kiwe.io;tracc.it,COOKIES
dcmn.com,,advertising,dcmn.com,
lenmit.com,,unknown,lenmit.com,COOKIES
livetex.ru,,pornvertising,livetex.ru,COOKIES
spoutable,,advertising,spoutable.com,
adalliance.io,,advertising,adalliance.io,
lottex_inc,,unknown,vidcpm.com,
statsy.net,,unknown,statsy.net,COOKIES
adlabs,,advertising,adlabs.ru;clickiocdn.com;luxup.ru;mixmarket.biz,
mapbox,,customer_interaction,mapbox.com,
boudja.com,,unknown,boudja.com,
admo.tv,,pornvertising,admo.tv,
pvclouds.com,,unknown,pvclouds.com,
stackpathdns.com,,cdn,stackpathdns.com,
bluecore,,advertising,triggeredmail.appspot.com,
pubnub.com,,misc,pubnub.com,
cookiebot,,essential,cookiebot.com,COOKIES
userzoom.com,,pornvertising,userzoom.com,
borrango.com,,unknown,borrango.com,
skyscnr.com,,cdn,skyscnr.com,
babator.com,,site_analytics,babator.com,COOKIES
gamedistribution.com,,misc,gamedistribution.com,COOKIES
kaloo.ga,,advertising,kaloo.ga,COOKIES
acquia.com,,site_analytics,acquia.com,COOKIES
vooxe.com,,misc,vooxe.com,
apicit.net,,advertising,apicit.net,COOKIES
travel_audience,,site_analytics,travelaudience.com,
optanaon,,essential,cookielaw.org,
trafmag.com,,advertising,trafmag.com,
modulepush.com,,advertising,modulepush.com,
admixer.net,,advertising,admixer.net,
deviantart.net,,misc,dapxl.com;deviantart.net,
wix.com,,misc,parastorage.com;wix.com,
ad-delivery.net,,unknown,ad-delivery.net,
snapchat,,advertising,sc-static.net;snapchat.com,COOKIES
videoplayerhub.com,,unknown,videoplayerhub.com,
jivochat,,customer_interaction,jivosite.com,
ie8eamus.com,,unknown,ie8eamus.com,
discord,,customer_interaction,discordapp.com,COOKIES
ionicframework.com,,misc,ionicframework.com,COOKIES
sociaplus.com,,site_analytics,sociaplus.com,COOKIES
beampulse.com,,advertising,beampulse.com,
early_birds,,advertising,early-birds.fr,
pageanalytics.space,,unknown,pageanalytics.space,COOKIES;FINGERPRINTING
loadsource.org,,unknown,loadsource.org,COOKIES;FINGERPRINTING
adbetnet.com,,advertising,adbetnet.com,
zukxd6fkxqn.com,,unknown,zukxd6fkxqn.com,
undercomputer.com,,unknown,undercomputer.com,COOKIES
popin.cc,,advertising,popin.cc,COOKIES
ispot.tv,,advertising,ispot.tv,COOKIES
fout.jp,,advertising,fout.jp,COOKIES
distroscale,,site_analytics,jsrdn.com,
baletingo.com,,unknown,baletingo.com,
narrative_io,,site_analytics,narrative.io,COOKIES
gettyimages,,misc,gettyimages.com,
microad,,advertising,microad.co.jp;microad.jp,
pub.network,,advertising,pub.network,
hubvisor.io,,advertising,hubvisor.io,
pendo.io,,site_analytics,pendo.io,
noop.style,,unknown,noop.style,COOKIES
prebid,,advertising,prebid.org,
datatables,,customer_interaction,datatables.net,COOKIES
algolia.net,,advertising,algolia.com;algolia.net,
mediav,,advertising,mediav.com,COOKIES
licensebuttons.net,,cdn,licensebuttons.net,COOKIES
moz,,misc,moz.com,COOKIES
squarespace.com,,site_analytics,squarespace.com,
cdnsure.com,,unknown,cdnsure.com,COOKIES
o12zs3u2n.com,,unknown,o12zs3u2n.com,
joinhoney,,misc,joinhoney.com,COOKIES
xen-media.com,,unknown,xen-media.com,COOKIES
mercado,,site_analytics,analytics.mlstatic.com;mercadoclics.com,COOKIES
vacaneedasap.com,,unknown,vacaneedasap.com,
canvas,,customer_interaction,canvas.net;canvasnetwork.com;du11hjcvx0uqb.cloudfront.net,
smartlink.cool,,unknown,smartlink.cool,COOKIES
hoholikik.club,,extensions,hoholikik.club,
sina_cdn,,cdn,sinaimg.cn,
arcpublishing,,misc,arcpublishing.com,COOKIES
tableteducation.com,,unknown,tableteducation.com,COOKIES
ivcbrasil.org.br,,site_analytics,ivcbrasil.org.br,COOKIES
